     0 9.9081 14.715
     0 9.9081 14.715
      0  9.9081 14.7138
      0  9.9081 14.7103
      0  9.9081 14.7045
      0  9.9081 14.6963
      0  9.9081 14.6857
      0  9.9081 14.6729
      0  9.9081 14.6576
      0  9.9081 14.6401
      0  9.9081 14.6202
     0 9.9081 14.598
      0  9.9081 14.5735
      0  9.9081 14.5467
      0  9.9081 14.5175
     0 9.9081 14.486
      0  9.9081 14.4523
      0  9.9081 14.4162
      0  9.9081 14.3778
      0  9.9081 14.3372
      0  9.9081 14.2942
     0 9.9081 14.249
      0  9.9081 14.2015
      0  9.9081 14.1518
      0  9.9081 14.0998
      0  9.9081 14.0455
     0 9.9081 13.989
      0  9.9081 13.9303
      0  9.9081 13.8694
      0  9.9081 13.8063
     0 9.9081 13.741
      0  9.9081 13.6734
      0  9.9081 13.6038
      0  9.9081 13.5319
      0  9.9081 13.4579
      0  9.9081 13.3817
      0  9.9081 13.3034
     0 9.9081 13.223
      0  9.9081 13.1405
      0  9.9081 13.0559
      0  9.9081 12.9693
      0  9.9081 12.8805
      0  9.9081 12.7897
      0  9.9081 12.6969
     0 9.9081 12.602
      0  9.9081 12.5052
      0  9.9081 12.4063
      0  9.9081 12.3055
      0  9.9081 12.2027
     0 9.9081 12.098
      0  9.9081 11.9914
      0  9.9081 11.8828
      0  9.9081 11.7724
      0  9.9081 11.6601
      0  9.9081 11.5459
      0  9.9081 11.4299
     0 9.9081 11.312
      0  9.9081 11.1924
     0 9.9081 11.071
      0  9.9081 10.9478
      0  9.9081 10.8229
      0  9.9081 10.6962
      0  9.9081 10.5679
      0  9.9081 10.4378
      0  9.9081 10.3062
      0  9.9081 10.1728
      0  9.9081 10.0379
      0  9.9081 9.90132
      0  9.9081 9.76319
      0  9.9081 9.62351
     0 9.9081 9.4823
      0  9.9081 9.33958
      0  9.9081 9.19537
     0 9.9081 9.0497
      0  9.9081 8.90259
      0  9.9081 8.75406
      0  9.9081 8.60414
      0  9.9081 8.45285
      0  9.9081 8.30021
      0  9.9081 8.14625
      0  9.9081 7.99099
      0  9.9081 7.83447
      0  9.9081 7.67669
      0  9.9081 7.51769
     0 9.9081 7.3575
      0  9.9081 7.19614
      0  9.9081 7.03362
      0  9.9081 6.86999
      0  9.9081 6.70527
      0  9.9081 6.53948
      0  9.9081 6.37265
     0 9.9081 6.2048
      0  9.9081 6.03597
      0  9.9081 5.86617
      0  9.9081 5.69545
      0  9.9081 5.52381
     0 9.9081 5.3513
      0  9.9081 5.17793
      0  9.9081 5.00374
      0  9.9081 4.82875
     0 9.9081  4.653
     0 9.9081 4.4765
      0  9.9081 4.29929
     0 9.9081 4.1214
      0  9.9081 3.94285
      0  9.9081 3.76367
      0  9.9081 3.58389
      0  9.9081 3.40355
      0  9.9081 3.22266
      0  9.9081 3.04126
      0  9.9081 2.85937
      0  9.9081 2.67703
      0  9.9081 2.49427
     0 9.9081 2.3111
      0  9.9081 2.12757
     0 9.9081 1.9437
      0  9.9081 1.75952
      0  9.9081 1.57506
      0  9.9081 1.39035
      0  9.9081 1.20542
      0  9.9081 1.02029
       0   9.9081 0.835007
       0   9.9081 0.649588
       0   9.9081 0.464065
       0   9.9081 0.278469
        0    9.9081 0.0928278
         0     9.9081 -0.0928278
        0    9.9081 -0.278469
        0    9.9081 -0.464065
        0    9.9081 -0.649588
        0    9.9081 -0.835007
       0   9.9081 -1.02029
       0   9.9081 -1.20542
       0   9.9081 -1.39035
       0   9.9081 -1.57506
       0   9.9081 -1.75952
      0  9.9081 -1.9437
       0   9.9081 -2.12757
      0  9.9081 -2.3111
       0   9.9081 -2.49427
       0   9.9081 -2.67703
       0   9.9081 -2.85937
       0   9.9081 -3.04126
       0   9.9081 -3.22266
       0   9.9081 -3.40355
       0   9.9081 -3.58389
       0   9.9081 -3.76367
       0   9.9081 -3.94285
      0  9.9081 -4.1214
       0   9.9081 -4.29929
      0  9.9081 -4.4765
     0 9.9081 -4.653
       0   9.9081 -4.82875
       0   9.9081 -5.00374
       0   9.9081 -5.17793
      0  9.9081 -5.3513
       0   9.9081 -5.52381
       0   9.9081 -5.69545
       0   9.9081 -5.86617
       0   9.9081 -6.03597
      0  9.9081 -6.2048
       0   9.9081 -6.37265
       0   9.9081 -6.53948
       0   9.9081 -6.70527
       0   9.9081 -6.86999
       0   9.9081 -7.03362
       0   9.9081 -7.19614
      0  9.9081 -7.3575
       0   9.9081 -7.51769
       0   9.9081 -7.67669
       0   9.9081 -7.83447
       0   9.9081 -7.99099
       0   9.9081 -8.14625
       0   9.9081 -8.30021
       0   9.9081 -8.45285
       0   9.9081 -8.60414
       0   9.9081 -8.75406
       0   9.9081 -8.90259
      0  9.9081 -9.0497
       0   9.9081 -9.19537
       0   9.9081 -9.33958
      0  9.9081 -9.4823
       0   9.9081 -9.62351
       0   9.9081 -9.76319
       0   9.9081 -9.90132
       0   9.9081 -10.0379
       0   9.9081 -10.1728
       0   9.9081 -10.3062
       0   9.9081 -10.4378
       0   9.9081 -10.5679
       0   9.9081 -10.6962
       0   9.9081 -10.8229
       0   9.9081 -10.9478
      0  9.9081 -11.071
       0   9.9081 -11.1924
      0  9.9081 -11.312
       0   9.9081 -11.4299
       0   9.9081 -11.5459
       0   9.9081 -11.6601
       0   9.9081 -11.7724
       0   9.9081 -11.8828
       0   9.9081 -11.9914
      0  9.9081 -12.098
       0   9.9081 -12.2027
       0   9.9081 -12.3055
       0   9.9081 -12.4063
       0   9.9081 -12.5052
      0  9.9081 -12.602
       0   9.9081 -12.6969
       0   9.9081 -12.7897
       0   9.9081 -12.8805
       0   9.9081 -12.9693
       0   9.9081 -13.0559
       0   9.9081 -13.1405
      0  9.9081 -13.223
       0   9.9081 -13.3034
       0   9.9081 -13.3817
       0   9.9081 -13.4579
       0   9.9081 -13.5319
       0   9.9081 -13.6038
       0   9.9081 -13.6734
      0  9.9081 -13.741
       0   9.9081 -13.8063
       0   9.9081 -13.8694
       0   9.9081 -13.9303
      0  9.9081 -13.989
       0   9.9081 -14.0455
       0   9.9081 -14.0998
       0   9.9081 -14.1518
       0   9.9081 -14.2015
      0  9.9081 -14.249
       0   9.9081 -14.2942
       0   9.9081 -14.3372
       0   9.9081 -14.3778
       0   9.9081 -14.4162
       0   9.9081 -14.4523
      0  9.9081 -14.486
       0   9.9081 -14.5175
       0   9.9081 -14.5467
       0   9.9081 -14.5735
      0  9.9081 -14.598
       0   9.9081 -14.6202
       0   9.9081 -14.6401
       0   9.9081 -14.6576
       0   9.9081 -14.6729
       0   9.9081 -14.6857
       0   9.9081 -14.6963
       0   9.9081 -14.7045
       0   9.9081 -14.7103
       0   9.9081 -14.7138
      0  9.9081 -14.715
